1f71ff88-e7a5-4681-b9c8-9d98e9d321ea:
  fa:
    world: world
    x: 135.60119551572467
    y: -4.340684027848356
    z: 196.46172949528096
    yaw: -4.1248474
    pitch: 9.962676
